a <- 10
a+20
k <- 5
